74 74 74 74 74 74 74 74 74 74 74 74 74 74 74 74 74 74 74 74 74 74 74 74 74 74 74 74 74 74 74 74 74 74 74 74 74 74 74 74 74 74 74 74 74 74 74 74 74 74 74 74 74 74 74 74 74 74 74 74 74 74 74 74 74 74 74 74 74 74 74 74 74 74 74 74 74 74 74 74 74 74 74 74 74 74 74 74 74 74 74 74 74 74 74 74 74 74 74 74 
74 74 74 74 74 74 74 74 74 74 74 74 74 74 74 74 74 74 74 74 74 74 74 74 74 74 74 74 74 74 74 74 74 74 74 74 74 74 74 74 74 74 74 74 74 74 74 74 74 74 74 74 74 74 74 74 74 74 74 74 74 74 74 74 74 74 74 74 74 74 74 74 74 74 74 74 74 74 74 74 74 74 74 74 74 74 74 74 74 74 74 74 74 74 74 74 74 74 74 74 
74 74 74 74 74 74 74 74 74 74 74 74 74 74 74 74 74 74 74 74 74 74 74 74 74 74 74 74 74 74 74 74 74 74 74 74 74 74 74 74 74 74 74 74 74 74 74 74 74 74 74 74 74 74 74 74 74 74 74 74 74 74 74 74 74 74 74 74 74 74 74 74 74 74 74 74 74 74 74 74 74 74 74 74 74 74 74 74 74 74 74 74 74 74 74 74 74 74 74 74 
74 74 74 74 74 74 74 74 74 74 74 74 74 74 74 74 74 74 74 74 74 74 74 74 74 74 74 74 74 74 74 74 74 74 74 74 74 74 74 74 74 74 74 74 74 74 74 74 74 74 74 74 74 74 74 74 74 74 74 74 74 74 74 74 74 74 74 74 74 74 74 74 74 74 74 74 74 74 74 74 74 74 74 74 74 74 74 74 74 74 74 74 74 74 74 74 74 74 74 74 
74 74 74 74 74 74 74 74 74 74 74 74 74 74 74 74 74 74 74 74 74 74 74 74 74 74 74 74 74 74 74 74 74 74 74 74 74 74 74 74 74 74 74 74 74 74 74 74 74 74 74 74 74 74 74 74 74 74 74 74 74 74 74 74 74 74 74 74 74 74 74 74 74 74 74 74 74 74 74 74 74 74 74 74 74 74 74 74 74 74 74 74 74 74 74 74 74 74 74 74 
74 74 74 74 74 74 74 74 74 74 74 74 74 74 74 74 74 74 74 74 74 74 74 74 74 74 74 74 74 74 74 74 74 74 74 74 74 74 74 74 74 74 74 74 74 74 74 74 74 74 74 74 74 74 74 74 74 74 74 74 74 74 74 74 74 74 74 74 74 74 74 74 74 74 74 74 74 74 74 74 74 74 74 74 74 74 74 74 74 74 74 74 74 74 74 74 74 74 74 74 
74 74 74 74 74 74 74 74 74 74 74 74 74 74 74 74 74 74 74 74 74 74 74 74 74 74 74 74 74 74 74 74 74 74 74 74 74 74 74 74 74 74 74 74 74 74 74 74 74 74 74 74 74 74 74 74 74 74 74 74 74 74 74 74 74 74 74 74 74 74 74 74 74 74 74 74 74 74 74 74 74 74 74 74 74 74 74 74 74 74 74 74 74 74 74 74 74 74 74 74 
74 74 74 74 74 74 74 74 74 74 74 74 74 74 74 74 74 74 74 74 74 74 74 74 74 74 74 74 74 74 74 74 74 74 74 74 74 74 74 74 74 74 74 74 74 74 74 74 74 74 74 74 74 74 74 74 74 74 74 74 74 74 74 74 74 74 74 74 74 74 74 74 74 74 74 74 74 74 74 74 74 74 74 74 74 74 74 74 74 74 74 74 74 74 74 74 74 74 74 74 
74 74 74 74 74 74 74 74 74 74 74 74 74 74 74 74 74 74 74 74 74 74 74 74 74 74 74 74 74 74 74 74 74 74 74 74 74 74 74 74 74 74 74 74 74 74 74 74 74 74 74 74 74 74 74 74 74 74 74 74 74 74 74 74 74 74 74 74 74 74 74 74 74 74 74 74 74 74 74 74 74 74 74 74 74 74 74 74 74 74 74 74 74 74 74 74 74 74 74 74 
74 74 74 74 74 74 74 74 74 74 74 74 74 74 74 74 74 74 74 74 74 74 74 74 74 74 74 74 74 74 74 74 74 74 74 74 74 74 74 74 74 74 74 74 74 74 74 74 74 74 74 74 74 74 74 74 74 74 74 74 74 74 74 74 74 74 74 74 74 74 74 74 74 74 74 74 74 74 74 74 74 74 74 74 74 74 74 74 74 74 74 74 74 74 74 74 74 74 74 74 
74 74 74 74 74 74 74 74 74 74 74 74 74 74 74 74 74 74 74 74 74 74 74 74 74 74 74 74 74 74 74 74 74 74 74 74 74 74 74 74 74 74 74 74 74 74 74 74 74 74 74 74 74 74 74 74 74 74 74 74 74 74 74 74 74 74 74 74 74 74 74 74 74 74 74 74 74 74 74 74 74 74 74 74 74 74 74 74 74 74 74 74 74 74 74 74 74 74 74 74 
74 74 74 74 74 74 74 74 74 74 74 74 74 74 74 74 74 74 74 74 74 74 74 74 74 74 74 74 74 74 74 74 74 74 74 74 74 74 74 74 74 74 74 74 74 74 74 74 74 74 74 74 74 74 74 74 74 74 74 74 74 74 74 74 74 74 74 74 74 74 74 74 74 74 74 74 74 74 74 74 74 74 74 74 74 74 74 74 74 74 74 74 74 74 74 74 74 74 74 74 
74 74 74 74 74 74 74 74 74 74 74 74 74 74 74 74 74 74 74 74 74 74 74 74 74 74 74 74 74 74 74 74 74 74 74 74 74 74 74 74 74 74 74 74 74 74 74 74 74 74 74 74 74 74 74 74 74 74 74 74 74 74 74 74 74 74 74 74 74 74 74 74 74 74 74 74 74 74 74 74 74 74 74 74 74 74 74 74 74 74 74 74 74 74 74 74 74 74 74 74 
74 74 74 74 74 74 74 74 74 74 74 74 74 74 74 74 74 74 74 74 74 74 74 74 74 74 74 74 74 74 74 74 74 74 74 74 74 74 74 74 74 74 74 74 74 74 74 74 74 74 74 74 74 74 74 74 74 74 74 74 74 74 74 74 74 74 74 74 74 74 74 74 74 74 74 74 74 74 74 74 74 74 74 74 74 74 74 74 74 74 74 74 74 74 74 74 74 74 74 74 
74 74 74 74 74 74 74 74 74 74 74 74 74 74 74 74 74 74 74 74 74 74 74 74 74 74 74 74 74 74 74 74 74 74 74 74 74 74 74 74 74 74 74 74 74 74 74 74 74 74 74 74 74 74 74 74 74 74 74 74 74 74 74 74 74 74 74 74 74 74 74 74 74 74 74 74 74 74 74 74 74 74 74 74 74 74 74 74 74 74 74 74 74 74 74 74 74 74 74 74 
74 74 74 74 74 74 74 74 74 74 74 74 74 74 74 74 74 74 74 74 74 74 74 74 74 74 74 74 74 74 74 74 74 74 74 74 74 74 74 74 74 74 74 74 74 74 74 74 74 74 74 74 74 74 74 74 74 74 74 74 74 74 74 74 74 74 74 74 74 74 74 74 74 74 74 74 74 74 74 74 74 74 74 74 74 74 74 74 74 74 74 74 74 74 74 74 74 74 74 74 
74 74 74 74 74 74 74 74 74 74 74 74 74 74 74 74 74 74 74 74 74 74 74 74 74 74 74 74 74 74 74 74 74 74 74 74 74 74 74 74 74 74 74 74 74 74 74 74 74 74 74 74 74 74 74 74 74 74 74 74 74 74 74 74 74 74 74 74 74 74 74 74 74 74 74 74 74 74 74 74 74 74 74 74 74 74 74 74 74 74 74 74 74 74 74 74 74 74 74 74 
74 74 74 74 74 74 74 74 74 74 74 74 74 74 74 74 74 74 74 74 74 74 74 74 74 74 74 74 74 74 74 74 74 74 74 74 74 74 74 74 74 74 74 74 74 74 74 74 74 74 74 74 74 74 74 74 74 74 74 74 74 74 74 74 74 74 74 74 74 74 74 74 74 74 74 74 74 74 74 74 74 74 74 74 74 74 74 74 74 74 74 74 74 74 74 74 74 74 74 74 
74 74 74 74 74 74 74 74 74 74 74 74 74 74 74 74 74 74 74 74 74 74 74 74 74 74 74 74 74 74 74 74 74 74 74 74 74 74 74 74 74 74 74 74 74 74 74 74 74 74 74 74 74 74 74 74 74 74 74 74 74 74 74 74 74 74 74 74 74 74 74 74 74 74 74 74 74 74 74 74 74 74 74 74 74 74 74 74 74 74 74 74 74 74 74 74 74 74 74 74 
74 74 74 74 74 74 74 74 74 74 74 74 74 74 74 74 74 74 74 74 74 74 74 74 74 74 74 75 75 75 75 75 75 75 75 75 75 75 75 75 74 74 74 74 74 74 74 74 74 74 74 74 74 74 74 74 74 74 74 74 74 74 74 74 74 74 74 74 74 74 74 74 74 74 74 74 74 74 74 74 74 74 74 74 74 74 74 74 74 74 74 74 74 74 74 74 74 74 74 74 
74 74 74 74 74 74 74 74 74 74 74 74 74 74 74 74 74 74 74 74 74 74 75 75 75 75 74 74 74 75 74 74 74 74 74 74 75 75 75 75 74 74 74 74 74 74 74 74 74 74 74 74 74 74 74 74 74 84 82 82 82 82 82 82 82 82 82 85 74 74 74 74 74 74 74 74 74 74 74 74 74 74 74 74 74 74 74 74 74 74 74 74 74 74 74 74 74 74 74 74 
74 74 74 74 74 74 74 74 74 74 74 74 74 74 74 74 74 74 74 75 75 75 75 74 74 84 82 82 82 82 82 82 82 82 85 75 84 82 82 82 82 82 82 82 82 82 82 85 74 74 74 74 74 74 74 74 74 80 70 59 57 57 57 57 57 57 60 79 74 74 74 74 74 74 74 74 74 74 74 74 74 74 74 74 74 74 74 74 74 74 74 74 74 74 74 74 74 74 74 74 
74 74 74 74 74 74 74 74 74 74 74 74 74 74 74 74 74 74 75 75 74 75 74 74 74 80 70 72 72 72 72 72 72 70 81 82 83 70 26 27 27 26 26 26 26 26 26 79 74 74 74 74 74 74 74 74 74 80 70 55 50 50 50 50 50 50 54 79 74 74 74 74 74 74 74 74 74 74 74 74 74 74 74 74 74 74 74 74 74 74 74 74 74 74 74 74 74 74 74 74 
74 74 74 74 74 74 74 74 74 74 74 74 74 74 74 74 74 74 74 74 74 75 74 74 74 80 70 72 22 22 22 22 72 70 70 70 70 70 26 76 77 77 77 77 77 78 26 79 74 84 82 82 82 82 82 82 82 83 70 55 50 50 50 50 50 50 54 79 74 74 74 74 74 74 74 74 74 74 74 74 74 74 74 74 74 74 74 74 74 74 74 74 74 74 74 74 74 74 74 74 
74 74 74 74 74 74 74 74 74 74 74 74 74 74 74 74 74 75 75 75 74 75 74 74 74 80 70 72 22 21 21 22 72 70 70 70 70 70 26 79 74 74 74 74 74 80 26 81 82 83 70 70 70 70 70 70 70 70 70 55 50 50 50 50 50 50 54 79 74 74 74 74 74 74 74 74 74 74 74 74 74 74 74 74 74 74 74 74 74 74 74 74 74 74 74 74 74 74 74 74 
74 74 74 74 74 74 74 74 74 74 74 74 74 74 74 74 75 75 75 75 75 75 74 74 74 80 70 72 21 22 22 22 72 70 70 70 70 70 26 79 74 74 74 74 74 80 26 70 70 70 70 70 70 70 70 70 70 70 70 55 50 50 50 50 50 50 54 79 74 74 74 74 74 74 74 74 74 74 74 74 74 74 74 74 74 74 74 74 74 74 74 74 74 74 74 74 74 74 74 74 
74 74 74 74 74 74 74 74 74 74 74 74 74 74 74 74 75 75 75 74 74 74 74 74 74 80 70 72 22 22 21 22 72 70 70 70 70 70 26 79 74 74 74 74 74 80 27 70 70 70 70 70 70 70 70 70 70 70 70 55 50 50 50 50 50 50 54 79 74 74 74 74 74 74 74 74 74 74 74 74 74 74 74 74 74 74 74 74 74 74 74 74 74 74 74 74 74 74 74 74 
74 74 74 74 74 74 74 74 74 74 74 74 74 74 74 74 74 74 74 74 74 74 74 74 74 80 70 72 72 22 22 72 72 70 70 70 70 70 26 81 82 82 82 82 82 83 26 70 70 70 70 70 70 70 70 70 70 70 26 61 52 53 50 50 51 52 76 87 74 74 74 74 74 74 74 74 74 74 74 74 74 74 74 74 74 74 74 74 74 74 74 74 74 74 74 74 74 74 74 74 
74 74 74 74 74 74 74 74 74 74 74 74 74 74 74 74 74 74 74 74 74 74 74 84 82 83 70 70 26 26 26 70 70 70 70 70 70 70 26 26 27 59 57 57 60 26 26 26 26 26 27 26 26 26 26 26 26 26 26 26 26 55 50 50 54 26 79 74 74 74 74 74 74 74 74 74 74 74 74 74 74 74 74 74 74 74 74 74 74 74 74 74 74 74 74 74 74 74 74 74 
74 74 74 74 74 74 74 74 74 74 74 74 74 74 74 74 74 74 74 74 74 74 74 80 70 70 70 26 26 27 27 70 70 70 70 70 70 70 70 26 27 55 50 50 54 26 27 27 27 27 27 70 70 70 70 70 70 70 70 70 70 55 50 50 54 26 79 74 74 74 74 74 74 74 74 74 74 74 74 74 74 74 74 74 74 74 74 74 74 74 74 74 74 74 74 74 74 74 74 74 
74 74 74 74 74 74 74 74 74 74 74 74 74 74 74 74 74 74 74 74 74 74 74 80 70 70 70 26 26 26 26 70 70 70 70 70 70 70 70 70 70 55 50 50 54 70 70 70 70 70 70 70 70 70 70 70 70 70 70 70 70 55 50 50 54 26 79 74 74 74 74 74 74 74 74 74 74 74 74 74 74 74 74 74 74 74 74 74 74 74 74 74 74 74 74 74 74 74 74 74 
74 74 74 74 74 74 74 74 74 74 74 74 74 74 74 74 74 74 74 75 75 75 74 80 70 70 70 26 26 70 70 70 70 70 70 70 70 70 70 70 70 55 50 50 54 70 70 70 70 70 70 70 70 70 70 70 70 70 70 70 70 55 50 50 54 26 79 74 74 74 74 74 74 74 74 74 74 74 74 74 74 74 74 74 74 74 74 74 74 74 74 74 74 74 74 74 74 74 74 74 
74 74 74 74 74 74 74 74 74 74 74 74 74 74 74 74 74 75 75 75 75 75 74 80 70 70 70 26 26 70 70 70 70 70 70 70 70 70 70 70 70 55 50 50 54 70 70 70 70 70 70 70 70 70 70 70 70 70 70 70 26 55 50 50 54 26 79 74 74 74 74 74 74 74 74 74 74 74 74 74 74 74 74 74 74 74 74 74 74 74 74 74 74 74 74 74 74 74 74 74 
74 74 74 74 74 74 74 74 74 74 74 74 74 74 74 74 75 75 75 75 75 74 74 80 70 70 70 27 26 70 70 70 70 70 70 70 70 70 70 70 70 55 50 50 54 26 26 26 70 70 70 70 70 70 70 70 70 70 70 70 26 55 50 50 54 26 79 74 74 74 74 74 74 74 74 74 74 74 74 74 74 74 74 74 74 74 74 74 74 74 74 74 74 74 74 74 74 74 74 74 
74 74 74 74 74 74 74 74 74 74 74 74 74 74 74 75 74 74 75 75 74 74 74 80 70 70 70 26 26 70 70 70 70 70 70 70 70 70 70 70 26 55 50 50 54 70 70 70 70 70 70 70 70 70 70 70 70 70 59 57 57 58 50 50 54 26 79 74 74 74 74 74 74 74 74 74 74 74 74 74 74 74 74 74 74 74 74 74 74 74 74 74 74 74 74 74 74 74 74 74 
74 74 74 74 74 74 74 74 74 74 74 74 74 74 74 74 75 75 75 74 74 74 74 80 70 70 70 27 26 70 70 70 70 70 70 70 70 70 27 26 26 55 50 50 54 70 70 70 70 70 70 70 70 70 70 70 70 70 55 50 50 50 50 50 54 26 79 74 74 74 74 74 74 74 74 74 74 74 74 74 74 74 74 74 74 74 74 74 74 74 74 74 74 74 74 74 74 74 74 74 
74 74 74 74 74 74 74 74 74 74 74 74 74 74 74 74 74 74 74 74 74 74 74 86 77 78 70 26 26 26 26 27 70 70 59 57 57 57 57 57 57 58 50 50 54 70 70 70 70 70 70 70 70 70 70 70 70 70 55 50 50 50 50 50 54 26 79 74 74 74 74 74 74 74 74 74 74 74 74 74 74 74 74 74 74 74 74 74 74 74 74 74 74 74 74 74 74 74 74 74 
74 74 74 74 74 74 74 74 74 74 74 74 74 74 74 74 74 74 74 74 74 74 74 74 74 86 77 78 26 27 26 27 70 70 55 50 50 50 50 50 50 50 50 50 54 70 70 70 70 70 70 70 70 70 70 70 70 70 55 50 50 51 52 52 62 26 79 74 74 74 74 74 74 74 74 74 74 74 74 74 74 74 74 74 74 74 74 74 74 74 74 74 74 74 74 74 74 74 74 74 
74 74 74 74 74 74 74 74 74 74 74 74 74 74 74 74 74 74 74 74 74 74 74 74 74 74 74 80 70 70 26 27 70 70 55 50 50 50 50 50 50 50 50 50 54 70 27 70 70 70 70 70 70 70 70 70 70 70 55 50 50 54 26 70 70 70 79 74 74 74 74 74 74 74 74 74 74 74 74 74 74 74 74 74 74 74 74 74 74 74 74 74 74 74 74 74 74 74 74 74 
74 74 74 74 74 74 74 74 74 74 74 74 74 74 74 74 74 74 75 75 75 75 74 74 74 74 74 80 70 70 26 26 70 70 61 52 52 52 52 52 52 53 50 50 54 27 27 27 70 70 70 70 70 70 27 70 70 70 55 50 50 54 70 70 70 70 79 74 74 74 74 74 74 74 74 74 74 74 74 74 74 74 74 74 74 74 74 74 74 74 74 74 74 74 74 74 74 74 74 74 
74 74 74 74 74 74 74 74 74 74 74 74 74 74 75 75 75 75 75 75 75 75 74 74 74 74 74 80 70 70 26 26 70 70 27 70 70 70 70 70 27 55 50 50 54 27 27 70 27 27 70 70 70 27 27 27 27 70 55 50 50 54 70 70 70 70 79 74 74 74 74 74 74 74 74 74 74 74 74 74 74 74 74 74 74 74 74 74 74 74 74 74 74 74 74 74 74 74 74 74 
74 74 74 74 74 74 74 74 74 74 74 74 74 74 75 75 75 75 75 75 75 74 74 74 74 74 74 80 70 70 26 26 70 70 26 70 70 70 70 70 70 55 50 50 56 57 57 57 57 57 57 60 26 26 26 59 57 57 58 50 50 54 76 77 77 77 87 74 74 74 74 74 74 74 74 74 74 74 74 74 74 74 74 74 74 74 74 74 74 74 74 74 74 74 74 74 74 74 74 74 
74 74 74 74 74 74 74 74 74 74 74 74 74 74 75 75 75 75 74 74 74 74 74 74 74 74 74 80 70 70 26 26 70 70 26 70 70 70 70 70 70 55 50 50 50 50 50 50 50 50 50 54 26 26 26 55 50 50 50 50 50 54 79 74 74 74 74 74 74 74 74 74 74 74 74 74 74 74 74 74 74 74 74 74 74 74 74 74 74 74 74 74 74 74 74 74 74 74 74 74 
74 74 74 74 74 74 74 74 74 74 74 74 74 74 74 75 75 75 74 74 74 74 74 74 74 74 74 80 70 70 26 26 70 70 26 26 70 70 70 70 70 55 50 50 50 50 50 50 50 50 50 54 26 26 26 55 50 50 50 50 50 54 79 74 74 74 74 74 74 74 74 74 74 74 74 74 74 74 74 74 74 74 74 74 74 74 74 74 74 74 74 74 74 74 74 74 74 74 74 74 
74 74 74 74 74 74 74 74 74 74 74 74 74 74 74 74 74 75 75 74 74 74 74 75 75 74 74 80 70 70 26 27 70 70 26 26 70 70 70 70 70 55 50 50 51 52 52 52 52 52 52 62 26 26 26 61 52 52 53 50 50 54 79 74 74 74 74 74 74 74 74 74 74 74 74 74 74 74 74 74 74 74 74 74 74 74 74 74 74 74 74 74 74 74 74 74 74 74 74 74 
74 74 74 74 74 74 74 74 74 74 74 74 74 74 74 74 74 74 74 74 74 74 75 75 74 75 84 83 70 70 27 26 70 70 70 26 70 70 70 70 70 55 50 50 54 70 70 70 70 70 70 70 70 70 70 70 26 26 55 50 50 54 79 74 74 74 74 74 74 74 74 74 74 74 74 74 74 74 74 74 74 74 74 74 74 74 74 74 74 74 74 74 74 74 74 74 74 74 74 74 
74 74 74 74 74 74 74 74 74 74 74 74 74 74 74 74 74 74 74 74 74 75 75 74 74 84 83 70 70 70 26 26 70 70 70 26 70 70 70 70 70 55 50 50 54 70 70 70 70 70 70 70 70 70 70 70 70 26 55 50 50 54 79 74 74 74 74 74 74 74 74 74 74 74 74 74 74 74 74 74 74 74 74 74 74 74 74 74 74 74 74 74 74 74 74 74 74 74 74 74 
74 74 74 74 74 74 74 74 74 74 74 74 74 74 74 74 74 74 74 74 75 75 74 75 75 80 70 70 70 70 26 26 70 70 70 26 70 70 70 70 70 55 50 50 54 70 70 70 70 70 70 70 70 70 70 70 70 70 55 50 50 54 79 74 74 74 74 74 74 74 74 74 74 74 74 74 74 74 74 74 74 74 74 74 74 74 74 74 74 74 74 74 74 74 74 74 74 74 74 74 
74 74 74 74 74 74 74 74 74 74 74 74 74 74 74 74 74 74 74 75 75 75 75 75 84 83 70 70 70 70 26 26 26 26 26 27 70 70 70 70 70 55 50 50 54 70 70 70 70 70 70 70 70 70 70 70 70 70 55 50 50 54 79 74 74 74 74 74 74 74 74 74 74 74 74 74 74 74 74 74 74 74 74 74 74 74 74 74 74 74 74 74 74 74 74 74 74 74 74 74 
74 74 74 74 74 74 74 74 74 74 74 74 74 74 74 74 74 74 74 74 74 74 74 74 80 70 70 70 26 26 26 26 27 27 26 26 70 70 70 70 70 55 50 50 54 70 70 70 70 70 70 70 70 70 70 70 70 70 55 50 50 54 79 74 74 74 74 74 74 74 74 74 74 74 74 74 74 74 74 74 74 74 74 74 74 74 74 74 74 74 74 74 74 74 74 74 74 74 74 74 
74 74 74 74 74 74 74 74 74 74 74 74 74 74 74 74 74 74 74 74 74 74 74 74 80 70 70 70 26 26 26 26 26 27 26 26 70 70 70 70 70 55 50 50 54 26 26 27 27 70 70 70 70 70 70 70 70 70 55 50 50 54 79 74 74 74 74 74 74 74 74 74 74 74 74 74 74 74 74 74 74 74 74 74 74 74 74 74 74 74 74 74 74 74 74 74 74 74 74 74 
74 74 74 74 74 74 74 74 74 74 74 74 74 74 74 74 74 74 74 74 74 74 74 74 80 70 70 70 26 27 27 27 27 26 26 26 70 70 70 70 70 55 50 50 54 26 26 26 27 70 70 70 70 70 70 70 70 70 55 50 50 54 79 74 74 74 74 74 74 74 74 74 74 74 74 74 74 74 74 74 74 74 74 74 74 74 74 74 74 74 74 74 74 74 74 74 74 74 74 74 
74 74 74 74 74 74 74 74 74 74 74 74 74 74 74 74 74 74 74 74 74 74 74 74 86 78 70 70 26 26 26 26 26 26 26 26 70 70 70 70 70 55 50 50 54 70 70 26 27 70 70 26 26 70 70 70 70 70 55 50 50 54 79 74 74 74 74 74 74 74 74 74 74 74 74 74 74 74 74 74 74 74 74 74 74 74 74 74 74 74 74 74 74 74 74 74 74 74 74 74 
74 74 74 74 74 74 74 74 74 74 74 74 74 74 74 74 74 74 74 74 74 74 74 74 75 75 78 70 70 70 70 70 70 70 70 70 70 70 70 70 70 55 50 50 54 70 70 26 26 70 70 26 26 70 70 70 70 26 55 50 50 54 79 74 74 74 74 74 74 74 74 74 74 74 74 74 74 74 74 74 74 74 74 74 74 74 74 74 74 74 74 74 74 74 74 74 74 74 74 74 
74 74 74 74 74 74 74 74 74 74 74 74 74 74 74 74 74 74 74 74 75 75 75 75 75 74 86 78 70 70 70 70 70 70 70 70 70 70 70 70 70 55 50 50 54 70 70 26 26 70 70 26 26 70 70 70 70 26 61 52 52 62 81 82 85 74 74 74 74 74 74 74 74 74 74 74 74 74 74 74 74 74 74 74 74 74 74 74 74 74 74 74 74 74 74 74 74 74 74 74 
74 74 74 74 74 74 74 74 74 74 74 74 74 74 74 74 74 74 74 75 75 75 75 75 75 74 74 80 70 70 70 70 70 70 70 70 70 70 70 70 70 55 50 50 54 70 70 26 26 26 26 27 27 70 70 70 70 26 26 26 26 70 70 70 79 74 74 74 74 74 74 74 74 74 74 74 74 74 74 74 74 74 74 74 74 74 74 74 74 74 74 74 74 74 74 74 74 74 74 74 
74 74 74 74 74 74 74 74 74 74 74 74 74 74 74 74 74 74 74 74 75 75 75 75 75 74 84 83 70 70 70 70 70 70 70 70 70 70 70 70 70 55 50 50 54 70 70 26 26 26 26 26 26 70 70 27 27 26 27 27 26 26 26 26 81 82 85 74 74 74 74 74 74 74 74 74 74 74 74 74 74 74 74 74 74 74 74 74 74 74 74 74 74 74 74 74 74 74 74 74 
74 74 74 74 74 74 74 74 74 74 74 74 74 74 74 74 74 74 74 75 75 75 75 75 75 84 83 70 70 70 70 70 70 70 70 70 70 70 70 70 70 55 50 50 54 70 70 70 70 70 70 70 70 70 70 70 27 26 26 26 26 26 26 26 26 26 79 74 74 74 74 74 74 74 74 74 74 74 74 74 74 74 74 74 74 74 74 74 74 74 74 74 74 74 74 74 74 74 74 74 
74 74 74 74 74 74 74 74 74 74 74 74 74 74 74 75 75 75 75 74 74 75 75 74 84 83 70 70 70 70 26 32 26 70 70 70 70 70 70 27 26 61 52 52 62 26 26 70 70 70 70 70 26 26 26 26 26 26 26 26 70 70 70 70 70 26 79 74 74 74 74 74 74 74 74 74 74 74 74 74 74 74 74 74 74 74 74 74 74 74 74 74 74 74 74 74 74 74 74 74 
74 74 74 74 74 74 74 74 74 74 74 74 74 74 74 74 74 74 74 74 74 74 74 74 80 70 70 70 70 70 26 27 26 70 70 70 70 70 70 70 26 27 27 27 27 26 26 26 26 26 70 26 26 26 26 26 26 26 26 70 70 70 70 70 70 26 79 74 74 74 74 74 74 74 74 74 74 74 74 74 74 74 74 74 74 74 74 74 74 74 74 74 74 74 74 74 74 74 74 74 
74 74 74 74 74 74 74 74 74 74 74 74 74 74 74 74 74 74 74 74 74 74 74 74 86 78 70 70 70 70 27 26 26 27 27 27 27 27 70 27 26 26 26 26 26 26 26 26 26 26 26 26 26 70 26 26 26 26 70 70 70 70 70 70 26 76 87 74 74 74 74 74 74 74 74 74 74 74 74 74 74 74 74 74 74 74 74 74 74 74 74 74 74 74 74 74 74 74 74 74 
74 74 74 74 74 74 74 74 74 74 74 74 74 74 74 74 74 74 75 75 75 75 75 74 74 86 78 70 70 70 26 27 27 26 26 26 26 26 26 26 26 70 70 70 70 70 70 70 70 26 26 26 26 70 70 70 26 26 26 26 26 70 26 26 26 79 75 75 75 75 75 75 75 74 74 74 74 74 74 74 74 74 74 74 74 74 74 74 74 74 74 74 74 74 74 74 74 74 74 74 
74 74 74 74 74 74 74 74 74 74 74 74 74 74 74 74 74 74 75 74 74 75 75 75 74 74 86 78 70 70 70 70 70 70 70 70 70 26 26 26 76 77 77 77 77 77 77 77 78 70 70 26 26 70 70 70 26 26 26 26 27 26 26 26 76 87 74 74 75 75 74 75 75 75 75 75 75 75 74 74 74 74 74 74 74 74 74 74 74 74 74 74 74 74 74 74 74 74 74 74 
74 74 74 74 74 74 74 74 74 74 74 74 74 74 74 74 74 74 75 75 75 75 75 74 75 74 74 86 77 77 77 78 70 70 70 70 70 70 26 26 79 74 74 75 74 74 74 74 86 78 70 26 26 70 70 70 26 26 70 26 27 26 26 26 79 74 75 74 74 74 75 75 74 75 74 74 74 75 74 74 74 74 74 74 74 74 74 74 74 74 74 74 74 74 74 74 74 74 74 74 
74 74 74 74 74 74 74 74 74 74 74 74 74 74 74 74 74 74 75 75 75 75 75 75 74 75 74 74 74 74 74 86 78 70 70 70 70 70 26 26 81 82 82 85 75 75 74 75 74 80 26 26 26 70 26 27 27 26 26 70 26 26 70 26 79 75 74 74 75 75 75 75 75 75 75 75 75 75 74 74 74 74 74 74 74 74 74 74 74 74 74 74 74 74 74 74 74 74 74 74 
74 74 74 74 74 74 74 74 74 74 74 74 74 74 74 74 74 74 75 75 75 75 75 75 75 75 75 74 74 74 74 74 86 78 70 70 70 70 26 26 26 26 26 79 74 75 74 74 84 83 26 26 76 78 26 26 27 26 26 26 26 26 26 76 87 74 74 75 75 75 74 75 75 75 75 74 74 74 74 74 74 74 74 74 74 74 74 74 74 74 74 74 74 74 74 74 74 74 74 74 
74 74 74 74 74 74 74 74 74 74 74 74 74 74 74 74 74 74 75 75 75 75 75 74 74 75 75 74 74 74 74 74 74 86 77 78 70 26 26 27 26 70 70 79 75 75 74 74 80 70 26 26 79 86 77 77 78 26 70 26 26 26 76 87 74 74 74 74 75 75 75 75 75 75 75 75 74 75 74 74 74 74 74 74 74 74 74 74 74 74 74 74 74 74 74 74 74 74 74 74 
74 74 74 74 74 74 74 74 74 74 74 74 74 74 74 74 74 74 74 74 75 75 74 74 74 75 75 74 74 74 74 74 74 74 74 86 78 26 27 27 26 26 76 87 75 84 82 82 83 26 26 26 81 82 85 74 86 77 77 77 77 77 87 74 74 74 74 74 75 75 74 74 75 75 75 75 74 74 75 74 74 74 74 74 75 75 74 74 74 74 74 74 74 74 74 74 74 74 74 74 
74 74 74 74 74 74 74 74 74 74 74 74 74 74 74 74 74 74 74 74 74 74 75 75 75 75 74 74 74 74 74 74 84 82 82 82 83 26 26 26 76 77 87 75 74 80 26 70 70 26 26 26 26 26 81 85 74 74 74 74 74 74 74 74 74 74 75 75 75 75 75 75 75 75 75 74 74 74 74 74 74 74 74 74 75 74 74 74 74 74 74 74 74 74 74 74 74 74 74 74 
74 74 74 74 74 74 74 74 74 74 74 74 74 74 74 74 74 75 75 75 75 75 75 75 75 74 74 74 74 74 74 74 80 70 70 70 70 26 26 26 79 75 75 75 74 80 70 26 26 26 27 27 26 70 26 79 74 74 74 74 74 74 74 74 75 75 75 75 75 74 74 74 74 74 74 74 74 74 74 75 75 75 75 75 74 74 74 74 74 74 74 74 74 74 74 74 74 74 74 74 
74 74 74 74 74 74 74 74 74 74 74 74 74 74 74 74 75 75 75 75 75 75 74 75 75 75 74 74 74 74 74 74 80 70 70 70 27 26 26 26 81 82 82 82 82 83 70 26 26 26 26 26 26 26 76 87 74 74 74 74 74 74 74 75 75 74 74 75 74 74 74 74 74 74 74 75 75 75 75 75 74 74 74 74 74 74 74 74 74 74 74 74 74 74 74 74 74 74 74 74 
74 74 74 74 74 74 74 74 74 74 74 74 74 74 75 75 75 75 75 75 75 75 75 75 75 84 82 82 82 82 82 85 80 70 70 70 27 26 26 26 26 70 70 70 26 26 26 26 27 70 26 26 76 77 87 74 74 74 74 75 75 75 74 74 74 74 74 75 74 74 74 74 74 74 74 74 74 75 75 75 75 75 75 75 74 74 74 74 74 74 74 74 74 74 74 74 74 74 74 74 
74 74 74 74 74 74 74 74 74 74 74 74 74 74 75 75 75 75 75 75 75 75 75 74 84 83 70 70 70 70 70 81 83 26 27 27 27 26 26 26 27 27 27 27 27 26 26 26 70 70 26 26 79 84 82 82 82 85 74 74 74 74 74 74 74 74 74 75 74 74 74 74 74 74 74 74 74 74 75 75 75 75 75 75 74 74 74 74 74 74 74 74 74 74 74 74 74 74 74 74 
74 74 74 74 74 74 74 74 74 74 74 74 74 74 74 75 75 75 75 75 74 74 74 84 83 70 70 70 70 70 70 26 26 26 27 27 27 27 26 59 57 57 57 57 57 60 70 26 70 70 26 26 81 83 26 26 26 79 74 74 74 74 74 74 74 74 75 75 74 74 74 74 74 74 74 74 74 74 74 74 74 74 74 74 74 74 74 74 74 74 74 74 74 74 74 74 74 74 74 74 
74 74 74 74 74 74 74 74 74 74 74 74 74 74 74 74 74 74 84 82 82 82 85 80 70 26 27 27 26 26 26 26 26 26 70 70 70 59 57 58 63 63 63 63 63 56 57 60 70 70 26 26 70 26 26 26 70 79 74 74 74 74 74 74 74 74 74 75 75 74 74 74 74 74 74 74 74 74 74 74 74 74 74 74 74 74 74 74 74 74 74 74 74 74 74 74 74 74 74 74 
74 74 74 74 74 74 74 74 74 74 74 74 74 74 74 74 74 84 83 70 70 70 79 80 70 27 27 26 26 26 26 26 26 59 57 57 57 58 63 63 63 63 63 63 63 63 63 56 57 60 26 27 26 26 26 26 70 81 82 82 82 82 82 82 82 82 85 74 74 74 74 74 74 74 74 74 74 74 74 74 74 74 74 74 74 74 74 74 74 74 74 74 74 74 74 74 74 74 74 74 
74 74 74 74 74 74 74 74 74 74 74 74 74 74 75 75 75 80 70 26 26 26 81 83 70 70 70 26 26 26 70 70 26 55 63 63 63 63 63 63 63 63 63 63 63 63 63 63 63 56 57 60 26 26 27 26 27 26 26 26 26 26 27 26 26 26 79 74 74 74 74 74 74 74 74 75 75 75 75 75 75 74 74 74 74 74 74 74 74 74 74 74 74 74 74 74 74 74 74 74 
74 74 74 74 74 74 74 74 74 74 74 74 74 74 75 74 75 80 70 26 26 26 27 27 70 70 70 26 26 26 26 70 26 55 63 63 63 63 63 63 63 63 63 63 63 63 63 63 63 63 63 56 57 60 59 57 57 57 57 57 60 26 26 26 26 26 81 82 85 74 74 74 74 74 74 74 74 75 75 75 75 74 74 74 74 74 74 74 74 74 74 74 74 74 74 74 74 74 74 74 
74 74 74 74 74 74 74 74 74 74 74 74 74 74 75 75 75 80 70 70 26 27 27 26 70 70 70 26 26 26 27 70 70 55 63 63 63 63 63 63 63 63 63 63 63 63 63 63 63 63 63 63 63 56 58 63 63 63 63 63 56 60 26 70 70 26 26 26 81 85 74 74 74 74 74 74 74 74 74 74 75 75 75 74 74 74 74 74 74 74 74 74 74 74 74 74 74 74 74 74 
74 74 74 74 74 74 74 74 74 74 74 74 74 75 75 75 74 80 70 70 70 26 27 26 70 70 70 70 70 26 27 70 70 55 63 63 63 63 63 63 51 52 52 52 53 63 63 63 63 63 63 63 63 63 63 63 63 63 63 63 63 54 26 70 70 70 70 26 26 79 74 74 74 74 74 74 74 75 75 75 75 74 74 74 74 74 74 74 74 74 74 74 74 74 74 74 74 74 74 74 
74 74 74 74 74 74 74 74 74 74 74 74 75 74 75 75 74 80 70 70 70 70 26 26 70 70 70 70 70 26 26 26 26 55 63 63 63 63 63 63 54 27 26 27 26 53 63 63 63 63 63 63 63 63 63 63 63 63 63 63 51 62 27 70 70 70 70 26 26 79 74 74 74 74 74 74 74 74 74 74 74 74 74 74 74 74 74 74 74 74 74 74 74 74 74 74 74 74 74 74 
74 74 74 74 74 74 74 74 74 74 74 74 74 74 75 75 75 80 26 27 27 26 26 26 26 26 26 26 27 26 26 26 26 55 63 63 63 63 63 63 54 76 77 77 78 61 53 63 63 63 63 63 63 63 63 63 63 63 63 63 54 26 26 70 70 70 26 26 26 79 74 74 74 74 74 74 74 74 74 74 74 74 74 74 74 74 74 74 74 74 74 74 74 74 74 74 74 74 74 74 
74 74 74 74 74 74 74 74 74 74 74 74 74 74 74 74 74 80 26 26 26 27 27 27 27 26 26 26 26 27 26 70 70 70 52 53 63 63 51 52 62 81 82 85 80 27 55 63 63 63 63 63 63 63 63 63 63 63 63 51 62 27 26 27 26 26 26 26 76 87 74 74 74 74 74 74 74 74 74 74 74 74 74 74 74 74 74 74 74 74 74 74 74 74 74 74 74 74 74 74 
74 74 74 74 74 74 74 74 74 74 74 74 75 75 74 74 74 86 77 77 77 77 77 78 70 70 70 70 70 26 26 70 70 70 59 58 63 63 54 27 70 26 27 81 83 59 58 63 63 63 63 63 63 63 63 63 51 52 52 62 26 70 26 26 26 26 26 76 87 74 74 74 74 74 74 74 74 74 74 74 74 74 74 74 74 74 74 74 74 74 74 74 74 74 74 74 74 74 74 74 
74 74 74 74 74 74 74 74 74 74 74 74 74 75 75 75 74 74 74 74 74 74 74 80 70 70 70 26 26 26 26 26 26 26 55 63 63 63 54 70 70 70 26 27 27 55 63 63 63 63 63 63 63 63 63 51 62 26 70 26 26 27 26 26 26 26 76 87 74 74 74 74 74 74 74 74 74 74 74 74 74 74 74 74 74 74 74 74 74 74 74 74 74 74 74 74 74 74 74 74 
74 74 74 74 74 74 74 74 74 74 74 74 74 74 74 75 74 74 74 74 75 75 74 86 77 77 77 78 70 70 26 27 27 26 55 63 63 63 56 57 57 57 57 57 57 58 63 63 63 63 63 63 63 63 51 62 70 26 70 26 26 27 26 26 26 76 87 74 74 74 74 74 74 74 74 74 74 74 74 74 74 74 74 74 74 74 74 74 74 74 74 74 74 74 74 74 74 74 74 74 
74 74 74 74 74 74 74 74 74 74 74 74 74 74 74 75 74 74 75 75 75 75 75 75 74 74 74 86 78 70 26 26 27 27 27 52 52 53 63 63 63 63 63 63 63 63 63 63 63 63 63 63 63 63 54 26 26 26 26 26 27 27 26 26 76 87 74 74 74 74 74 74 74 74 74 74 74 74 74 74 74 74 74 74 74 74 74 74 74 74 74 74 74 74 74 74 74 74 74 74 
74 74 74 74 74 74 74 74 74 74 74 74 74 74 74 75 75 74 75 74 74 75 75 75 75 74 74 74 80 70 70 70 70 26 27 26 26 61 52 53 63 63 63 63 63 63 63 63 63 63 63 63 63 63 54 70 70 26 26 26 27 26 26 76 87 74 74 74 74 74 74 74 74 74 74 74 74 74 74 74 74 74 74 74 74 74 74 74 74 74 74 74 74 74 74 74 74 74 74 74 
74 74 74 74 74 74 74 74 74 74 74 74 74 74 74 74 75 74 74 75 75 75 75 75 75 74 74 74 80 70 70 26 26 26 26 26 26 26 26 61 52 52 52 52 52 52 53 63 63 63 63 63 51 52 62 70 70 70 26 27 27 26 26 79 74 74 74 74 74 74 74 74 74 74 74 74 74 74 74 74 74 74 74 74 74 74 74 74 74 74 74 74 74 74 74 74 74 74 74 74 
74 74 74 74 74 74 74 74 74 74 74 74 74 74 74 74 75 75 75 75 75 75 75 75 75 74 74 74 80 70 70 26 26 27 26 26 26 26 26 26 26 27 27 26 26 26 61 52 52 52 52 52 62 70 70 70 70 70 26 26 26 76 77 87 74 74 74 74 74 74 74 74 74 74 74 74 74 74 74 74 74 74 74 74 74 74 74 74 74 74 74 74 74 74 74 74 74 74 74 74 
74 74 74 74 74 74 74 74 74 74 74 74 74 74 74 74 74 74 74 74 74 74 74 74 74 74 74 74 80 70 70 26 70 70 26 26 26 70 70 26 27 27 26 26 26 26 26 26 26 26 26 26 26 70 70 70 70 26 26 26 26 79 74 74 74 74 74 74 74 74 74 74 74 74 74 74 74 74 74 74 74 74 74 74 74 74 74 74 74 74 74 74 74 74 74 74 74 74 74 74 
74 74 74 74 74 74 74 74 74 74 74 74 74 74 74 74 74 74 74 74 74 74 74 74 74 74 74 74 86 77 77 78 70 70 26 26 26 70 70 26 26 26 70 70 70 26 70 70 70 70 70 26 26 26 27 26 26 26 26 76 77 87 74 74 74 74 74 74 74 74 74 74 74 74 74 74 74 74 74 74 74 74 74 74 74 74 74 74 74 74 74 74 74 74 74 74 74 74 74 74 
74 74 74 74 74 74 74 74 74 74 74 74 74 74 74 74 74 74 74 74 75 75 75 75 75 75 74 74 74 74 74 80 70 70 26 26 26 76 78 26 26 26 70 76 77 77 77 77 77 77 78 26 26 26 27 27 26 76 77 87 74 74 74 74 74 74 74 74 74 74 74 74 74 74 74 74 74 74 74 74 74 74 74 74 74 74 74 74 74 74 74 74 74 74 74 74 74 74 74 74 
74 74 74 74 74 74 74 74 74 74 74 74 74 74 74 74 74 74 74 75 75 74 74 74 74 74 75 75 75 74 74 86 78 70 70 26 76 87 86 78 26 76 77 87 74 74 74 74 74 74 86 77 77 77 77 77 77 87 74 74 74 74 74 75 75 74 74 74 74 74 74 74 74 74 74 74 74 74 74 74 74 74 74 74 74 74 74 74 74 74 74 74 74 74 74 74 74 74 74 74 
74 74 74 74 74 74 74 74 74 74 74 74 74 74 74 74 74 74 74 74 75 75 75 74 74 74 75 74 75 74 74 74 86 77 77 77 87 74 74 86 77 87 74 74 74 74 74 74 74 74 74 74 74 74 74 74 74 74 75 75 75 75 75 75 75 74 74 74 74 74 74 74 74 74 74 74 74 74 74 74 74 74 74 74 74 74 74 74 74 74 74 74 74 74 74 74 74 74 74 74 
74 74 74 74 74 74 74 74 74 74 74 74 74 74 74 74 74 74 74 74 74 74 75 74 74 74 75 75 75 75 75 75 75 75 74 74 74 74 74 74 74 74 74 74 74 74 74 74 74 74 74 74 74 74 74 74 75 75 75 74 74 75 75 75 75 74 74 74 74 74 74 74 74 74 74 74 74 74 74 74 74 74 74 74 74 74 74 74 74 74 74 74 74 74 74 74 74 74 74 74 
74 74 74 74 74 74 74 74 74 74 74 74 74 74 74 74 74 74 74 74 74 74 74 74 74 74 75 74 75 74 74 74 75 74 75 75 75 74 74 74 74 74 74 74 74 74 74 74 74 74 75 75 75 75 75 75 75 75 75 75 75 75 75 75 75 74 74 74 74 74 74 74 74 74 74 74 74 74 74 74 74 74 74 74 74 74 74 74 74 74 74 74 74 74 74 74 74 74 74 74 
74 74 74 74 74 74 74 74 74 74 74 74 74 74 74 74 74 74 74 74 74 74 74 74 74 74 75 75 75 75 75 75 74 75 75 75 75 75 75 74 74 74 74 74 74 74 74 74 74 74 74 74 75 75 75 75 75 75 75 75 75 75 75 75 75 74 74 74 74 74 74 74 74 74 74 74 74 74 74 74 74 74 74 74 74 74 74 74 74 74 74 74 74 74 74 74 74 74 74 74 
74 74 74 74 74 74 74 74 74 74 74 74 74 74 74 74 74 74 74 74 74 74 74 74 74 74 74 74 75 75 75 75 75 75 75 75 75 75 74 74 74 74 74 74 74 74 74 74 74 74 74 74 74 74 74 74 75 75 75 75 74 74 74 75 74 74 74 74 74 74 74 74 74 74 74 74 74 74 74 74 74 74 74 74 74 74 74 74 74 74 74 74 74 74 74 74 74 74 74 74 
74 74 74 74 74 74 74 74 74 74 74 74 74 74 74 74 74 74 74 74 74 74 74 74 74 74 74 74 74 74 74 74 74 74 74 74 74 74 75 75 74 74 74 74 74 74 74 74 74 74 74 74 74 74 74 74 74 74 74 75 75 74 75 75 74 74 74 74 74 74 74 74 74 74 74 74 74 74 74 74 74 74 74 74 74 74 74 74 74 74 74 74 74 74 74 74 74 74 74 74 
